-0.072486   -0.053603    0.011637
 0.020582    0.016481   -0.121612
 0.060743    0.020221    0.037286
-0.048155    0.063764    0.073275
-0.081628    0.068291    0.054137
-0.041133   -0.029994   -0.065168
-0.023543    0.128706    0.004389
-0.078667   -0.036226   -0.062114
 0.005792    0.024065    0.007969
 0.028413    0.080705    0.088916
 0.096167    0.036276   -0.015261
 0.025935    0.005356   -0.067680
-0.064894   -0.003261    0.050136
-0.013121   -0.061504   -0.134043
-0.082143    0.046229    0.066829
 0.035146    0.031101    0.003904
-0.028269   -0.030920    0.146054
 0.003408    0.010481    0.001560
-0.015838   -0.053010   -0.006257
-0.041029   -0.095082   -0.084097
-0.047249   -0.062073   -0.035680
-0.009309    0.028723    0.096976
 0.037572   -0.006902   -0.022739
 0.011895   -0.103291   -0.076987
 0.007848   -0.058937    0.038543
 0.007932    0.006040    0.016068
-0.015047    0.049954    0.032912
 0.046375    0.006097    0.083079
 0.045541   -0.029571    0.019049
 0.060657    0.074398    0.065157
 0.012127   -0.104737    0.032409
-0.066551    0.117452   -0.064424
-0.062097   -0.003192    0.045477
 0.006663   -0.089091   -0.065841
-0.026744    0.058825   -0.019831
 0.030777   -0.006241   -0.058309
 0.076977    0.041134   -0.033434
 0.019204    0.060075   -0.034528
-0.009851    0.016790    0.091295
-0.089601   -0.114085   -0.064202
-0.013909   -0.029921    0.062816
-0.048126   -0.024847   -0.053512
 0.018598    0.069981    0.096213
 0.017996   -0.009916   -0.117572
 0.036845   -0.021361   -0.093522
 0.039447   -0.020730   -0.025161
 0.031928   -0.013841   -0.003816
 0.000556   -0.016021    0.064358
-0.030621   -0.026422   -0.035350
 0.037843   -0.056506    0.008588
-0.146190   -0.022652    0.062520
-0.028586   -0.094744   -0.034302
 0.059145    0.094125    0.061981
-0.087963    0.121025   -0.020710
 0.155387   -0.001593    0.067801
-0.015846    0.008958   -0.023921
-0.005598    0.060236    0.050341
-0.041015    0.050954   -0.062021
 0.044703   -0.109503   -0.086080
 0.077740    0.118840    0.006891
 0.044985   -0.028726    0.008567
-0.163196    0.000575   -0.027355
 0.054495   -0.035468   -0.093250
 0.005826   -0.070929   -0.000804
-0.053135    0.039941   -0.006312
-0.047270   -0.005123   -0.070397
-0.020124    0.084338   -0.097632
 0.007337    0.147632   -0.007951
-0.018758    0.004595   -0.006534
-0.082159   -0.023198    0.040274
-0.088771   -0.014209   -0.029107
-0.107210    0.002613    0.069587
 0.048086    0.007845    0.042544
 0.077510   -0.041241   -0.078628
-0.083868   -0.014029   -0.148380
-0.036624   -0.007416    0.038392
 0.083017    0.118464    0.111885
 0.084656    0.022257   -0.079342
 0.037694    0.036964    0.025986
 0.019792    0.086831    0.014939
 0.002032    0.030051    0.079372
 0.023407   -0.013967   -0.035038
-0.007406   -0.015139    0.025994
 0.018651    0.003797    0.016213
-0.024467   -0.034607    0.075072
-0.004728    0.058367    0.003731
 0.062351   -0.043955   -0.037187
 0.017038    0.046415    0.071886
 0.012500   -0.007779    0.035078
 0.045988   -0.005701   -0.023866
-0.025404    0.012417   -0.085281
 0.054282    0.085299    0.059077
-0.028436    0.010277   -0.020573
-0.032315    0.055639   -0.010459
 0.003105    0.024447   -0.072471
 0.034537   -0.022040   -0.071045
-0.019481    0.059116    0.030000
-0.010355   -0.012293    0.083537
-0.039191   -0.006058   -0.008634
-0.016692    0.111883   -0.006278
 0.028239   -0.042213   -0.037921
 0.005337   -0.041550   -0.106726
-0.032278    0.040040   -0.041551
 0.025319   -0.026548    0.053125
 0.047505   -0.007733    0.088506
-0.116644    0.066963   -0.054537
 0.050311    0.001216    0.013986
 0.011111    0.104917    0.065583
-0.002126   -0.079222   -0.004152
-0.059197   -0.033551    0.116353
 0.098637    0.028976    0.017495
-0.007224   -0.090618    0.035762
 0.079105    0.101565   -0.035927
 0.094342   -0.034963    0.022352
-0.003805   -0.084039   -0.013645
-0.019940    0.012307    0.094478
-0.017439   -0.013899    0.088240
-0.029334    0.016275   -0.017155
-0.002269    0.071980    0.012145
 0.084996    0.077789    0.041225
 0.096844    0.078121    0.124376
 0.061595    0.013483    0.020864
-0.084666    0.013212    0.027647
-0.039706   -0.109280   -0.124212
-0.041116    0.018054   -0.025394
 0.004850   -0.008194   -0.096148
-0.045312   -0.009839    0.073687
 0.075261    0.032028    0.086806
-0.085211   -0.001325    0.007051
-0.082403   -0.046030   -0.087486
-0.029612   -0.032122   -0.091032
-0.020953    0.016698   -0.039489
 0.004862   -0.016843   -0.091554
 0.038293    0.078110    0.066460
-0.036803    0.055301    0.015778
-0.099662    0.034692   -0.003772
-0.028864   -0.045463   -0.023924
-0.003899   -0.022886   -0.096322
 0.051213    0.001942   -0.037024
-0.009378   -0.004475    0.067885
-0.065276    0.034612   -0.059491
 0.000030    0.060221   -0.002734
 0.052540    0.001627    0.036280
 0.000619    0.059460    0.009485
-0.027910   -0.007303    0.011018
 0.034148   -0.045081   -0.033578
-0.139183   -0.054211   -0.026750
-0.020807    0.067570   -0.122725
 0.021821    0.066194    0.057461
-0.005658   -0.025450    0.018211
 0.014685   -0.060867   -0.001293
 0.115980    0.075116   -0.033947
-0.123130    0.025351    0.012027
 0.132317    0.010899   -0.072592
-0.064164   -0.098002   -0.014764
-0.007681    0.078742    0.038837
-0.041944   -0.126069    0.087021
-0.010115   -0.009577   -0.104810
-0.064708    0.026183   -0.045373
 0.010271    0.010720   -0.029608
 0.046109   -0.079119   -0.026806
 0.043977   -0.021595   -0.056709
-0.027534    0.003429   -0.045547
 0.052033   -0.099802   -0.046231
 0.047521   -0.014874   -0.091210
-0.070649   -0.069280    0.038862
-0.065966   -0.040619   -0.038779
 0.031220    0.043432    0.030333
 0.010652    0.041448   -0.012859
-0.075558    0.024348    0.037349
 0.034955    0.057063    0.034213
-0.050578   -0.059421    0.100104
-0.012342   -0.059128    0.059871
-0.000307   -0.025682   -0.022095
-0.050631   -0.054832    0.068239
 0.023821   -0.067293    0.064672
-0.029348    0.050213    0.063475
-0.013077    0.004903   -0.105184
 0.116730    0.018397    0.003381
-0.034657    0.022170    0.000167
-0.006252   -0.045753   -0.038730
-0.015675   -0.023186    0.011611
 0.013439    0.120890    0.027151
-0.043870   -0.011958   -0.107290
-0.043647    0.089859   -0.005247
 0.107048    0.049360    0.006273
 0.084505   -0.027590   -0.046250
-0.061583   -0.073204    0.078593
 0.042771    0.097553   -0.037757
-0.091792    0.071098    0.058679
 0.066747   -0.032556    0.045666
 0.068471   -0.080196    0.008517
 0.016761   -0.028352    0.049390
-0.005405    0.043313    0.018651
-0.118403   -0.144997   -0.008818
-0.013790   -0.042726   -0.037756
 0.016063   -0.016119    0.016758
-0.009774    0.005327    0.026507
 0.007681   -0.076408    0.092628
-0.161779   -0.039170    0.013033
-0.010361    0.033351    0.034263
 0.038198    0.037526    0.080720
 0.063620    0.048941    0.010557
 0.096583   -0.026290    0.022915
-0.069071   -0.048110   -0.021510
-0.018784   -0.070609   -0.003897
-0.058277    0.024228   -0.122549
 0.087136    0.049885   -0.006351
-0.019018    0.005187   -0.064996
 0.087061   -0.016384    0.004464
 0.082127    0.012961    0.014706
-0.055603    0.007231    0.020388
 0.074989    0.029576    0.007308
 0.017366    0.043293    0.065933
-0.052866    0.009348   -0.045426
 0.051322   -0.040567   -0.019684
-0.002648    0.088377   -0.053082
 0.118398    0.009835    0.056825
 0.079568    0.070208    0.106733
-0.085445    0.014738    0.063255
 0.014884   -0.008368   -0.057791
-0.062547   -0.017029   -0.018061
 0.001722    0.098778   -0.075355
-0.068079    0.020419    0.051082
-0.025861   -0.101888    0.015678
-0.049387   -0.086049   -0.026740
-0.040601    0.102510    0.076714
-0.063744    0.014021   -0.015269
-0.031106   -0.033718   -0.062445
-0.012932   -0.024194    0.066165
-0.008941   -0.070634   -0.025612
 0.010435    0.008300    0.120663
 0.026059    0.005113    0.046691
-0.051231   -0.052582    0.085462
-0.064783    0.020458    0.019828
-0.025728   -0.013744    0.048614
 0.060532   -0.056682   -0.063441
 0.065433    0.003136    0.132483
-0.045218   -0.044495    0.021036
-0.074680    0.043972    0.008860
-0.043639    0.024449    0.058270
 0.011821   -0.026010    0.062574
 0.049628   -0.045296   -0.000673
-0.035162    0.037612   -0.028130
-0.041553   -0.036685    0.041738
 0.021672    0.049783    0.082983
 0.089296    0.080355   -0.038161
-0.060355   -0.089386    0.000409
-0.038979    0.048226    0.036820
 0.075920    0.007438    0.084689
 0.022475   -0.075154   -0.057984
-0.062646    0.021791    0.062857
 0.039846   -0.027976   -0.058271
 0.032250    0.035265   -0.036938
-0.039713    0.070971   -0.032061
 0.055786    0.006488    0.000497
 0.004811   -0.030274    0.003133
 0.021366    0.010609   -0.097232
 0.006068    0.032177   -0.038049
 0.000707    0.014324   -0.072153
 0.000566   -0.089521    0.034882
-0.020673   -0.128403   -0.035258
 0.001766   -0.066003   -0.017032
 0.002689   -0.092148   -0.131169
 0.024528   -0.094447   -0.024648
 0.017791    0.002557    0.066584
-0.079316    0.097956    0.027760
-0.056079   -0.050779    0.107318
 0.059879    0.061545   -0.013471
 0.071197   -0.010690   -0.055425
-0.039398    0.011016    0.036429
-0.015847    0.050115   -0.028582
 0.034560   -0.072914    0.023074
 0.016043   -0.083792   -0.019115
 0.027420    0.006789    0.006433
 0.034953    0.084311   -0.079677
-0.059120    0.049633   -0.018753
-0.015222   -0.049976    0.011064
 0.012784    0.026912   -0.026987
 0.104176    0.064376   -0.005367
 0.039458    0.005334   -0.046626
 0.026329    0.044047    0.045660
-0.059628   -0.009042   -0.002639
-0.079058   -0.002581   -0.043397
-0.037239    0.036736    0.033279
-0.053078    0.005792    0.014409
-0.000764    0.036434   -0.041878
 0.050660   -0.077715    0.021667
 0.080044   -0.031336   -0.057082
-0.033918    0.038420   -0.022784
 0.012201    0.097772   -0.036962
-0.058951    0.007547   -0.078056
-0.038368   -0.012903    0.031464
 0.050544    0.060077    0.011610
 0.034357   -0.030773    0.069235
-0.013822   -0.057589    0.052671
 0.121866   -0.068534   -0.015409
 0.042761    0.037874    0.054037
-0.014944   -0.011465   -0.036342
-0.028801   -0.028316    0.001194
-0.027307   -0.039172    0.046813
 0.004590   -0.119635    0.008029
-0.048080   -0.045459    0.059323
-0.019153   -0.114207   -0.022896
-0.019182   -0.140802   -0.091179
 0.007046   -0.052008    0.022533
 0.072827   -0.057847   -0.022851
 0.099863   -0.009400    0.072734
 0.033847    0.062419   -0.028512
 0.049955    0.017337    0.070937
 0.083996   -0.000348   -0.011142
 0.117626    0.033830    0.024807
 0.050114    0.023199   -0.015546
-0.034778    0.047186    0.003168
 0.078397   -0.063499   -0.090009
 0.032936    0.091329    0.009040
-0.039140    0.025630    0.024968
 0.039367   -0.000617    0.046632
-0.039051   -0.001438    0.052445
 0.015820    0.030969   -0.027006
-0.080535   -0.007668   -0.029593
-0.050553    0.083273    0.158387
-0.026184    0.062846   -0.122472
 0.030446   -0.037394   -0.043341
 0.034297    0.003291   -0.040891
 0.050274    0.058253    0.023307
 0.017917    0.088901   -0.021475
 0.051102    0.080263   -0.008295
-0.092155   -0.029065    0.030653
-0.062642   -0.007128    0.001007
-0.038581   -0.024179   -0.057072
-0.104979   -0.018484    0.059307
 0.083050    0.028335   -0.099469
-0.041668    0.028899    0.057761
 0.094628   -0.016024   -0.011128
-0.000104    0.045494    0.040525
-0.112457    0.005751    0.011213
-0.025905    0.003662   -0.054235
 0.043845   -0.036211    0.034899
-0.036058   -0.038641    0.117730
 0.062337    0.030983   -0.028433
 0.072801    0.024939    0.037445
-0.016686    0.037036    0.042813
 0.015802   -0.089735   -0.154465
-0.053168   -0.122885   -0.015639
 0.031816    0.037156   -0.026815
-0.042837    0.001787    0.045543
-0.016749    0.088938    0.047121
-0.056504    0.002387    0.040261
 0.070264    0.077937    0.031097
-0.024674   -0.021267    0.009697
-0.016203    0.071805    0.083545
-0.086549   -0.003476    0.060331
-0.009974    0.118150   -0.067041
 0.096219    0.117013    0.008771
-0.054815   -0.084584    0.009687
 0.001322    0.008554   -0.046965
-0.051777   -0.003540    0.085214
-0.063358    0.011695    0.132558
 0.005594   -0.009508   -0.029744
 0.104134    0.006862   -0.036105
-0.023322   -0.035693    0.006540
 0.047087    0.030122    0.031757
 0.057985    0.094167    0.122590
-0.038751   -0.018227   -0.093377
-0.007164   -0.030171    0.059829
 0.033589   -0.054607   -0.009942
 0.005398   -0.044974   -0.003363
-0.042339   -0.049136   -0.146818
-0.019526   -0.014679    0.005120
-0.008904   -0.079232   -0.096412
 0.044598    0.084022   -0.048384
 0.031561    0.008813   -0.072979
-0.081761    0.038294   -0.025812
 0.030862    0.026532   -0.041027
-0.065918   -0.070584    0.101424
-0.033262    0.001240   -0.006935
-0.059903   -0.033355    0.059268
 0.153466   -0.021305   -0.005768
 0.026251   -0.047264   -0.030346
 0.109286    0.069405    0.084551
 0.060051    0.017755   -0.001151
 0.052667    0.031296   -0.035133
-0.032193    0.009421   -0.041435
-0.107953   -0.038777   -0.073492
-0.055889    0.026461   -0.057281
-0.154223   -0.017247   -0.098561
-0.068295   -0.085391   -0.029487
 0.028571   -0.006567    0.050234
-0.087788    0.014911    0.031741
-0.106033    0.003937    0.015226
-0.074334   -0.073780   -0.012875
 0.090321    0.026108    0.049927
-0.075321    0.023333    0.054487
-0.136867   -0.028048    0.041572
 0.051076   -0.049389    0.039149
 0.050962    0.006586   -0.016331
 0.077744    0.052714   -0.043191
-0.076171   -0.090217    0.016937
 0.036260   -0.024182    0.080838
 0.065521   -0.026091    0.029904
 0.054125    0.057275   -0.028223
 0.005339   -0.021525    0.036977
-0.173834   -0.082458   -0.031569
-0.003295   -0.064406   -0.084419
 0.042113   -0.002618   -0.013901
 0.011728    0.042377    0.051457
 0.046543    0.128980    0.068139
 0.040027   -0.060352   -0.024563
 0.046289    0.015691   -0.038349
-0.048105    0.021414    0.027721
-0.040501    0.043886   -0.009740
-0.084226    0.001041   -0.012232
-0.009033   -0.047488   -0.046326
 0.032589   -0.079812   -0.021021
-0.029885    0.000887   -0.020055
 0.036098    0.010312   -0.016955
 0.069056   -0.007093    0.068357
 0.068802   -0.064491    0.019175
 0.088693    0.012870   -0.041765
-0.043977    0.010581   -0.014434
-0.035274    0.026422    0.004446
 0.110982    0.013647   -0.063478
 0.087284    0.018338    0.156769
-0.067080   -0.044987    0.006352
 0.084675   -0.078698   -0.017610
 0.025268    0.033058   -0.100372
-0.015228    0.073459    0.030229
 0.012260    0.072870   -0.042867
 0.002470   -0.015638    0.041935
 0.000677   -0.119384   -0.026125
 0.042840   -0.067580   -0.009733
-0.006760    0.008478    0.083314
 0.040836   -0.095279    0.005354
 0.015600    0.099440   -0.001486
-0.028602    0.022266    0.045884
-0.005666    0.116483    0.043566
 0.051303    0.007016   -0.042052
 0.019702   -0.041451   -0.117119
 0.023187    0.026302   -0.000107
-0.044606    0.004252   -0.018898
 0.010904   -0.054891   -0.011304
-0.040956   -0.002241    0.041211
-0.008660    0.039955    0.026803
-0.035409    0.037534   -0.003697
 0.000681    0.043170    0.078723
-0.033486    0.003275   -0.002807
 0.009180    0.031925    0.003469
-0.042739   -0.037289   -0.007189
-0.075101   -0.046235   -0.096972
 0.037672    0.031058    0.023029
 0.121384    0.002684    0.003420
 0.018011   -0.023431    0.038964
-0.012230   -0.037718    0.011745
 0.006222    0.067354    0.056891
-0.071300    0.019414    0.010430
-0.078764   -0.090415    0.034414
 0.005708   -0.046211   -0.028935
 0.028163   -0.052395    0.047540
 0.027079    0.041917    0.036456
 0.039098    0.004504    0.077398
 0.018201    0.070543   -0.053230
-0.049847   -0.030744   -0.005567
-0.036313   -0.069422   -0.040566
-0.029017   -0.052700    0.037749
-0.045076    0.000209    0.074181
 0.025403   -0.062061   -0.091465
-0.022808   -0.019120   -0.166523
 0.082185    0.049773   -0.057769
 0.037491    0.008401   -0.037552
-0.005387   -0.011247    0.086953
 0.014724    0.052788   -0.022734
-0.077478   -0.015797    0.007452
 0.003054    0.085212    0.055650
-0.078039   -0.033009   -0.084088
-0.020130   -0.087724   -0.015519
 0.058829   -0.009143   -0.097089
 0.107722    0.006611   -0.008531
 0.063382   -0.053499    0.014540
-0.054404    0.070314   -0.014264
-0.015774    0.057305    0.041496
-0.042900   -0.037650   -0.047715
 0.015802   -0.064364   -0.040408
-0.047875    0.017458    0.048890
 0.016194    0.009157   -0.105624
-0.063838    0.000857    0.074894
-0.024375    0.051628   -0.033761
-0.015146   -0.031716    0.032864
-0.024041   -0.072141    0.023352
-0.078914    0.097452    0.075647
 0.062299   -0.022831   -0.102692
 0.058675   -0.038225    0.002664
-0.003805   -0.076724    0.111380
 0.031874    0.032442    0.001548
 0.045639   -0.057893   -0.008381
 0.038776   -0.056729    0.002089
 0.014254    0.037925   -0.045790
-0.045180    0.012169   -0.035022
 0.049087    0.001047    0.024988
-0.084642    0.011450    0.004043
 0.020917    0.039720   -0.045332
-0.035691   -0.021712   -0.075690
-0.022081   -0.011407    0.027133
 0.005771    0.008795    0.056877
-0.060015   -0.033094    0.030703
 0.063140   -0.007096   -0.017092
-0.131825    0.017811   -0.015199
 0.010050    0.020865    0.000594
 0.070847    0.040394    0.112028
-0.021662   -0.004564   -0.039374
 0.031463   -0.038913    0.020135
 0.014282    0.049506   -0.052655
 0.132789    0.097735   -0.061155
-0.057374    0.050927   -0.093017
 0.067335    0.013631    0.016519
-0.012943   -0.037810   -0.012191
-0.066063   -0.054892    0.016699
-0.004085    0.071153   -0.058484
 0.017872   -0.034481   -0.023010
 0.054100    0.058101   -0.004484
-0.036741    0.021981   -0.109067
-0.024863    0.057486   -0.046578
-0.062192    0.083690    0.058913
 0.007072   -0.104076    0.003826
 0.034752   -0.075787    0.084443
 0.008261    0.054314    0.100219
 0.023389   -0.043071   -0.007049
-0.042169   -0.013978   -0.018604
-0.068593   -0.020227   -0.025187
-0.002854   -0.044949   -0.032967
-0.059083   -0.012561    0.020844
-0.008006    0.066630   -0.076279
-0.000354    0.053124    0.025787
 0.042424   -0.045603    0.019266
-0.092444    0.049400   -0.059256
 0.019441    0.056861   -0.037514
 0.107531   -0.016776   -0.079287
 0.058638    0.004717   -0.035508
 0.005337   -0.038667    0.066942
-0.023031   -0.100679    0.000812
-0.037922    0.022255   -0.099971
 0.057787   -0.096089   -0.045671
 0.046398   -0.044623   -0.056742
-0.011753   -0.040844    0.082441
-0.072556   -0.033971   -0.104174
 0.028158   -0.029031   -0.022410
 0.067198   -0.005084   -0.018337
-0.012867   -0.050014    0.030541
 0.017235    0.087814   -0.105214
-0.044015    0.020997   -0.109818
-0.037274    0.091438    0.109545
 0.011814    0.000111   -0.091315
-0.007099    0.056151    0.049498
-0.036943    0.024141    0.035220
 0.042734    0.057664   -0.029915
 0.094224    0.040172    0.054869
 0.043522    0.050983    0.071977
 0.037681    0.020512   -0.068356
 0.104305   -0.069054    0.056920
-0.012214    0.087379    0.040271
 0.067995   -0.054595   -0.051267
 0.009739    0.033252   -0.021200
-0.023727   -0.011268   -0.038430
 0.043502   -0.077271    0.141813
 0.007624   -0.021015   -0.079241
 0.013213   -0.030230    0.064359
-0.052679    0.017940    0.006672
 0.007556   -0.019489    0.007501
 0.000995   -0.082464    0.042052
-0.044480   -0.029838    0.096471
 0.023005   -0.033576   -0.016309
 0.171407    0.003732   -0.026386
 0.054560    0.079550    0.107815
 0.061511    0.018136    0.059703
-0.094686   -0.071751    0.085907
 0.056745   -0.009195   -0.010683
-0.025498   -0.010445    0.048199
 0.040349   -0.176602   -0.003932
 0.109315   -0.026363    0.031665
 0.070318    0.016517   -0.070844
-0.034782   -0.034181   -0.038070
 0.038146   -0.000068    0.012420
 0.006637   -0.081224   -0.006020
 0.018844    0.022973   -0.014763
 0.037810    0.017652    0.047675
 0.019376    0.011490    0.114490
-0.078251   -0.046744    0.012882
 0.035414   -0.014603    0.064960
-0.072884   -0.011393    0.008936
-0.042932    0.048823    0.169821
-0.036486   -0.045094   -0.119957
-0.023964    0.055773   -0.009728
 0.003268   -0.001769   -0.008372
-0.033775   -0.173480    0.027238
-0.057290   -0.033736   -0.031167
-0.101957    0.119913    0.077277
-0.063113   -0.006261    0.015352
 0.076444   -0.023084    0.016916
 0.037659    0.062390   -0.010446
 0.004811    0.019783   -0.061080
 0.040065   -0.044266    0.005137
 0.053152    0.063944   -0.016389
 0.056184   -0.051542   -0.033168
-0.035535    0.111786   -0.040627
-0.056768    0.064442   -0.025115
 0.085495   -0.069764    0.139432
 0.034754   -0.053631   -0.003841
-0.075809   -0.020102    0.013006
-0.077779    0.010560    0.039931
-0.025016    0.079155    0.102637
-0.053386    0.036881    0.067514
-0.057067    0.011823   -0.063194
-0.105336    0.005245    0.004919
-0.029015    0.068987    0.028047
-0.007113    0.057194   -0.021221
-0.035647   -0.038639    0.010833
 0.039488    0.020068    0.032034
-0.070783   -0.033483   -0.052368
-0.091589    0.107711   -0.057734
 0.011495   -0.050760   -0.027775
 0.044067   -0.024994   -0.064458
-0.008200    0.001611    0.046609
 0.026323    0.020508    0.015659
 0.098038    0.012225    0.071619
 0.028797    0.054037    0.006102
-0.060653   -0.007860   -0.031676
 0.028397   -0.037171    0.034354
-0.019155   -0.053413    0.004839
-0.056534    0.094226   -0.080649
-0.061667   -0.052559   -0.026802
-0.057984    0.025269   -0.014859
-0.051227    0.003576    0.044711
-0.066811   -0.073276   -0.086552
-0.010590   -0.032932    0.064574
 0.048375    0.001721   -0.072658
-0.014313    0.087592    0.023712
 0.036424   -0.074093   -0.111234
-0.041310    0.037712    0.042592
 0.094982    0.045193    0.019941
-0.000250   -0.071260    0.058737
 0.036396    0.055348   -0.037366
 0.017477   -0.003380   -0.133447
 0.071525    0.028751    0.029397
-0.026569   -0.051101   -0.051394
-0.037231   -0.036654   -0.000219
-0.042852    0.007325   -0.009258
-0.021266   -0.076200    0.010846
-0.064818   -0.022607    0.041706
 0.051389    0.051277   -0.032088
-0.041962   -0.074102   -0.007308
 0.048228    0.051278    0.053310
-0.102167   -0.068700   -0.126653
 0.040630    0.015238    0.093235
 0.026870    0.020225    0.056652
-0.024195    0.048168    0.058390
 0.025586   -0.064616   -0.079491
 0.017658    0.079685   -0.028536
 0.059769    0.042295    0.071447
 0.009688   -0.021275    0.083998
 0.021531   -0.082030    0.073824
-0.014236   -0.004151    0.075671
-0.085654   -0.127647    0.018039
-0.018611   -0.010538    0.020852
-0.061934    0.103302   -0.098344
-0.003622   -0.085030    0.005527
 0.068452   -0.065047   -0.061023
 0.067762    0.048888   -0.013284
 0.011693    0.000859    0.028703
-0.052190   -0.035461   -0.073736
-0.040436    0.044156    0.026220
-0.096318   -0.093332    0.064479
 0.073595    0.001398    0.023113
-0.036232    0.093921   -0.010552
-0.129159    0.082928    0.079855
 0.043534    0.061139   -0.037618
 0.061959   -0.066464    0.076130
-0.080069   -0.161397    0.031167
 0.023473    0.021453   -0.013519
-0.003485   -0.035993    0.074082
 0.020493    0.053261   -0.010003
 0.004003    0.028429    0.084853
 0.000517   -0.072403   -0.048998
 0.054897    0.000753    0.017530
 0.056248    0.099502    0.099179
 0.068735    0.058455    0.033407
 0.023562    0.027805    0.009837
 0.045566    0.050493    0.051425
-0.089075   -0.034485    0.033025
-0.033608    0.104264   -0.001741
 0.039564    0.056092   -0.021386
-0.011080    0.091186    0.025050
-0.033677   -0.007287   -0.049442
 0.002626   -0.015607   -0.022153
 0.006957   -0.094508   -0.070017
 0.008611    0.028252    0.035412
 0.102783   -0.017125   -0.013126
 0.017474    0.017911    0.002439
-0.014166    0.039687    0.078391
-0.025009    0.062098    0.074547
-0.071948   -0.046013    0.009064
-0.019858    0.014774   -0.019599
 0.003874   -0.070214   -0.090373
-0.074204    0.018875   -0.032374
-0.036829    0.075214   -0.075854
-0.090518    0.034665    0.022759
-0.023409   -0.027281   -0.028101
 0.003371   -0.105160    0.013689
-0.031843    0.102021    0.081192
-0.007244   -0.041827   -0.006410
 0.047886    0.062198    0.020650
-0.001708   -0.003219   -0.034923
-0.009683    0.122422   -0.024005
 0.067465   -0.011572   -0.119802
-0.065910   -0.045992    0.097350
 0.095177   -0.048615   -0.055654
-0.076512    0.049187    0.020071
-0.048560    0.063932   -0.136610
-0.006936    0.011277   -0.011103
 0.081102    0.043037    0.011878
-0.027229    0.133568   -0.011850
 0.031217    0.024455    0.017522
-0.000836   -0.016804    0.023111
 0.003264   -0.003648   -0.009608
-0.063475    0.051066   -0.006950
 0.062151    0.015140    0.035129
-0.007985    0.056461   -0.047282
 0.005535    0.042709    0.018285
 0.069471   -0.038216    0.022339
 0.026440   -0.067593   -0.006183
-0.048817   -0.035244   -0.045953
 0.061582    0.008779   -0.052202
 0.029286    0.007312   -0.020952
-0.048804    0.116816    0.003464
 0.028170    0.032248    0.053029
-0.080109   -0.008291    0.051098
-0.006352   -0.029493    0.012840
-0.022998   -0.025937    0.089751
-0.029874   -0.009507    0.014452
 0.018891   -0.000651   -0.055390
-0.008453   -0.058400   -0.077047
 0.050954    0.003589   -0.037854
 0.059966   -0.012178   -0.011104
 0.002541    0.007146    0.027485
-0.060617   -0.016640    0.105858
 0.068492   -0.055115    0.046198
-0.134245   -0.004417   -0.099015
-0.012454    0.024643   -0.004399
-0.035728   -0.113689   -0.027131
 0.050821    0.005249    0.030513
 0.000974    0.049584    0.087329
 0.012837    0.055946    0.010139
-0.029873   -0.010833    0.093644
-0.059673   -0.070249    0.035354
 0.032003   -0.077856    0.023741
-0.010308    0.015496    0.040423
-0.067616    0.028738    0.021337
-0.037242    0.100824    0.049137
 0.129798   -0.006922    0.041456
-0.048718   -0.028532   -0.003068
 0.038284   -0.004656   -0.037722
 0.029417    0.019357   -0.013230
 0.053027    0.008725    0.017142
 0.119544    0.041108   -0.025244
 0.018812   -0.051117    0.028899
-0.028625   -0.059695   -0.030699
-0.038417    0.014422    0.023633
-0.024737    0.043204   -0.108971
 0.012196   -0.111847    0.045666
-0.060841    0.028258   -0.061436
-0.063109    0.034183    0.000983
-0.028920    0.070629    0.044423
-0.047460   -0.022039    0.000354
-0.004776    0.043961   -0.025506
 0.060111    0.052070    0.021348
 0.001126   -0.042492    0.051758
 0.011055   -0.037042   -0.011875
 0.065755   -0.019257   -0.052920
-0.100363   -0.033970    0.031332
-0.029545   -0.088935   -0.016114
 0.109195   -0.089052    0.025720
-0.005400    0.066822    0.105161
 0.081787   -0.006317   -0.080883
-0.143489    0.022362   -0.019657
-0.034703    0.111482   -0.029852
-0.013386    0.011313   -0.051035
-0.017535    0.027075    0.009740
 0.066836   -0.046807    0.041779
 0.009250    0.067974   -0.001791
 0.057212   -0.042612    0.020203
 0.007260   -0.035556   -0.084430
 0.011040    0.050283   -0.006625
 0.004018    0.019686   -0.021293
-0.008936   -0.028481    0.048004
 0.073821    0.010838   -0.013948
 0.061741   -0.012708   -0.047387
-0.035431   -0.042837    0.052073
 0.069904    0.051524    0.013901
-0.063738    0.003526   -0.032988
 0.009087    0.017268    0.041446
-0.002638   -0.039947   -0.036162
-0.004485   -0.061863    0.057231
-0.023086    0.017988   -0.068958
 0.101751   -0.066631    0.008612
-0.050204   -0.014355    0.064266
 0.027287   -0.011012    0.067990
-0.026903    0.011990    0.150408
-0.020163   -0.015790   -0.056979
 0.013995   -0.012683   -0.147714
-0.038368   -0.015065    0.005881
 0.025303    0.062811   -0.050634
 0.076406   -0.015687    0.048716
 0.014816   -0.120332   -0.006853
 0.030055    0.018884    0.081518
-0.053645   -0.153473   -0.029161
-0.003513   -0.091774   -0.043664
-0.100787    0.107666    0.025389
 0.035477   -0.035957    0.033345
 0.037969   -0.000954    0.059055
-0.048916    0.020698    0.007118
 0.051319    0.032770    0.046051
-0.009961   -0.004052   -0.038022
-0.046267   -0.022675   -0.007925
-0.015183   -0.144146    0.027133
 0.055762    0.008099   -0.003345
 0.060054    0.039547   -0.141816
-0.016252   -0.009631   -0.075917
 0.000041    0.005697    0.010241
 0.017399    0.070257   -0.038453
-0.076139    0.001852    0.067293
 0.044776   -0.012191    0.012958
 0.029620    0.023944    0.057746
 0.007525   -0.050971   -0.106438
-0.025109   -0.024021   -0.010920
 0.030830   -0.019828    0.002691
-0.005563    0.131246   -0.008548
-0.014655   -0.094683   -0.029495
-0.035437   -0.021206   -0.093589
-0.017328    0.065354   -0.054704
 0.037655   -0.025022    0.035586
-0.072343   -0.091773    0.027553
-0.001689   -0.011698    0.139901
 0.091742   -0.067069   -0.010979
-0.011348   -0.094782    0.026008
-0.030479    0.006847   -0.049757
 0.005833    0.039896   -0.049447
 0.010674    0.021773    0.096029
-0.055327   -0.012503    0.019042
-0.159675    0.022209    0.013127
 0.088369    0.100683    0.029528
 0.089305    0.010026    0.056780
-0.009151   -0.027030   -0.066272
-0.059439   -0.023253   -0.051367
-0.030657   -0.011065    0.059185
-0.012640    0.074834    0.031272
-0.050299    0.000257   -0.005513
-0.108252   -0.036863   -0.013714
-0.083287   -0.011844    0.068402
 0.059959   -0.062389    0.017224
-0.005074    0.080943   -0.059137
-0.028764   -0.019429    0.056140
 0.122405   -0.047870   -0.001416
 0.007503   -0.018335   -0.037443
-0.082305    0.082817   -0.023028
-0.003357    0.020635   -0.029821
 0.052467    0.008069   -0.002749
-0.005177   -0.081366   -0.038056
-0.036079   -0.011333    0.022042
 0.071932   -0.070628    0.046638
-0.075623    0.018183   -0.100763
 0.029146    0.023654   -0.100005
 0.069994    0.066150   -0.051009
 0.015169   -0.012138    0.009643
-0.007118   -0.051338   -0.045197
 0.017639    0.099719    0.028754
 0.047133    0.027283    0.018865
-0.016067    0.040072   -0.038486
 0.106936    0.028434   -0.044523
 0.050841    0.007967    0.039598
 0.029756    0.002724    0.008458
-0.007212    0.000455   -0.124331
-0.022706    0.067040   -0.015933
-0.111564    0.095210   -0.019440
 0.013729   -0.088559    0.002712
-0.052722   -0.052755   -0.091612
 0.032736   -0.000129   -0.017128
 0.088465   -0.040460    0.075849
 0.004015    0.079642    0.022152
 0.022135    0.023278   -0.007922
 0.050562   -0.068626    0.056053
-0.007422    0.109681   -0.064311
 0.030806    0.054197    0.038840
 0.012751    0.054648    0.000630
-0.071752    0.024771   -0.054778
 0.059743   -0.013403   -0.019457
-0.007594    0.037681   -0.114118
-0.072936   -0.009381   -0.073200
-0.136620   -0.006478   -0.005145
 0.163181   -0.013017    0.018273
 0.097507   -0.011450   -0.076022
 0.050560    0.004352   -0.001944
-0.042002    0.106467   -0.021859
 0.151977   -0.011103   -0.003555
-0.089360    0.060262   -0.119283
 0.001785   -0.046408    0.066999
 0.071069    0.067346    0.002095
 0.119686    0.067358   -0.077866
 0.049283    0.002021   -0.090511
 0.023127    0.106389   -0.037809
 0.036883    0.022338    0.058232
 0.012907    0.035329    0.001991
-0.052915    0.064493    0.051413
-0.085629   -0.011410   -0.016706
 0.017666    0.028742   -0.001490
-0.011534   -0.010180    0.026541
-0.233553    0.005433   -0.024122
 0.092580   -0.041998   -0.003425
 0.019174   -0.124257    0.009592
 0.029952   -0.004624    0.000236
 0.063978    0.004592   -0.031684
 0.060710    0.012806   -0.082521
-0.013977   -0.003581   -0.099393
-0.003414   -0.068111    0.091976
 0.007505    0.055107    0.021194
 0.009321   -0.161822    0.087619
-0.018121   -0.082719    0.000564
 0.051581   -0.066311   -0.047026
 0.013688    0.086063   -0.024027
 0.069942    0.006333    0.014836
 0.019287    0.027030   -0.006776
-0.013054    0.021962    0.053446
 0.005220   -0.033180   -0.011779
-0.004649   -0.071410    0.023903
 0.007476   -0.027599    0.044713
-0.065252    0.096653   -0.077648